           1 cha001            0.2561872      0.2670669      0.0000000E+00
           2 cha006            0.3765046      0.3301907      0.0000000E+00
           3 cha013            2.2309991E-02  2.7459754E-02  0.0000000E+00
           4 cha015            2.2199387E-02  2.7210858E-02  0.0000000E+00
           5 cha016            6.8653375E-04  3.3128692E-04  0.0000000E+00
           6 cha017            2.3377117E-02  2.8238054E-02  0.0000000E+00
           7 cha018            1.6123606E-02  2.0410366E-02  0.0000000E+00
           8 cha019            5.0166856E-02  5.4796573E-02  0.0000000E+00
           9 cha021            6.4401287E-03  5.8247818E-04  0.0000000E+00
          10 cha022            4.7312655E-02  5.1068794E-02  0.0000000E+00
          11 cha024            1.2592549E-02  1.6077116E-02  0.0000000E+00
          12 cha026            0.5295476      0.4317292      0.0000000E+00
          13 cha028            7.9316925E-03  8.1567670E-04  0.0000000E+00
          14 cha029            6.0888767E-02  6.1304137E-02  0.0000000E+00
          15 cha031            8.8537978E-03  1.0362293E-03  0.0000000E+00
          16 cha034            1.2071099E-02  1.4825165E-02  0.0000000E+00
          17 cha035            1.7701220E-02  1.8751115E-02  0.0000000E+00
          18 cha037            6.7668080E-02  5.5501692E-02  0.0000000E+00
          19 cha038            1.1567535E-02  1.6215983E-04  0.0000000E+00
          20 cha042            1.3638020E-02  1.4350499E-04  0.0000000E+00
          21 cha043            2.2891067E-02  2.2012269E-02  0.0000000E+00
          22 cha044            2.2594696E-02  2.1661365E-02  0.0000000E+00
          23 cha046            3.2556925E-02  3.2893408E-02  0.0000000E+00
          24 cha047            2.2574510E-02  2.1512629E-02  0.0000000E+00
          25 cha048            1.9250298E-03  8.7524601E-04  0.0000000E+00
          26 cha049            5.1909424E-03  1.7372255E-03  0.0000000E+00
          27 cha050            5.0157541E-04  8.4400308E-05  0.0000000E+00
          28 cha051            2.6293013E-02  2.3598734E-02  0.0000000E+00
          29 cha052            2.7813967E-03  1.0722656E-03  3.2002700E-03
          30 cha053            5.4983870E-04  9.4823394E-05  0.0000000E+00
          31 cha055            2.6222542E-03  9.6958276E-04  0.0000000E+00
          32 cha057            1.5790161E-02  1.7844170E-03  0.0000000E+00
          33 cha058            2.6294513E-02  5.7871360E-03  0.0000000E+00
          34 cha060            1.2944962E-04  2.8402506E-05  0.0000000E+00
          35 cha062            1.9458495E-02  1.3136215E-04  0.0000000E+00
          36 cha063            2.1706743E-02  1.7114637E-04  0.0000000E+00
          37 cha065            9.9631399E-03  2.5148918E-03  0.0000000E+00
          38 cha067            7.9298764E-03  2.3702986E-03  0.0000000E+00
          39 cha068            3.3547547E-02  2.6833190E-02  0.0000000E+00
          40 cha069            7.6699130E-02  5.3588692E-02  0.0000000E+00
          41 cha071            3.7293591E-02  2.9041734E-02  0.0000000E+00
          42 cha072            5.9833720E-02  4.3204535E-02  0.0000000E+00
          43 cha073            4.5000925E-04  5.8403064E-05  0.0000000E+00
          44 cha074            3.2382835E-02  4.1322475E-03  0.0000000E+00
          45 cha075            2.4314018E-02  3.0791084E-03  0.0000000E+00
          46 cha076            2.6564675E-04  0.0000000E+00  0.0000000E+00
          47 cha078            3.7626814E-02  2.8209845E-02  0.0000000E+00
          48 cha079            2.6730485E-02  1.1670918E-03  0.0000000E+00
          49 cha080            3.2998587E-04  4.3346106E-05  0.0000000E+00
          50 cha081            7.7226572E-02  4.5234762E-02  0.0000000E+00
          51 cha082            2.3716246E-03  5.4089021E-04  0.0000000E+00
          52 cha084            7.7617215E-04  9.2447306E-05  0.0000000E+00
          53 cha085            2.5571350E-02  9.9474075E-04  0.0000000E+00
          54 cha086            3.1086229E-04  8.1652852E-06  0.0000000E+00
          55 cha087            2.1387402E-02  1.7708853E-04  0.0000000E+00
          56 cha088            7.2558090E-04  1.0467049E-04  0.0000000E+00
          57 cha089            1.6441608E-02  3.2779258E-03  0.0000000E+00
          58 cha090            2.6225233E-02  4.3363729E-04  0.0000000E+00
          59 cha092            3.9824698E-02  1.5808616E-03  0.0000000E+00
          60 cha093            4.6458095E-04  5.8530375E-05  0.0000000E+00
          61 cha094            4.4940626E-03  9.6559408E-04  0.0000000E+00
          62 cha095            4.4834856E-03  7.7218388E-04  0.0000000E+00
          63 cha096            9.0574491E-04  8.0206992E-05  0.0000000E+00
          64 cha097            2.2183385E-04  3.0273213E-05  0.0000000E+00
          65 cha098            1.9563171E-04  0.0000000E+00  0.0000000E+00
          66 cha100            5.5263285E-03  1.3976498E-03  0.0000000E+00
          67 cha101            1.4541621E-04  9.0700923E-06  0.0000000E+00
          68 cha102            2.9713900E-03  4.2129026E-04  0.0000000E+00
          69 cha103            9.9823996E-04  1.6414579E-04  0.0000000E+00
          70 cha105            3.1479780E-04  0.0000000E+00  0.0000000E+00
          71 cha106            5.0275661E-03  1.0657322E-03  0.0000000E+00
          72 cha107            4.3713260E-02  5.9270561E-03  0.0000000E+00
          73 cha108            7.6169279E-05  0.0000000E+00  0.0000000E+00
          74 cha109            2.3990698E-04  2.4691537E-05  0.0000000E+00
          75 cha111            6.9959243E-03  1.4305933E-03  0.0000000E+00
          76 cha113            1.3981601E-03  1.6414344E-04  0.0000000E+00
          77 cha115            3.2179523E-04  1.2178082E-05  0.0000000E+00
          78 cha116            2.2697922E-04  0.0000000E+00  0.0000000E+00
          79 cha117            1.8045559E-03  2.0302951E-04  0.0000000E+00
          80 cha118            8.0808190E-05  0.0000000E+00  0.0000000E+00
          81 cha119            2.5941813E-04  2.6012416E-05  0.0000000E+00
          82 cha120            3.1153529E-03  2.7760278E-04  0.0000000E+00
          83 cha122            1.6000948E-03  1.7376798E-04  0.0000000E+00
          84 cha123            4.9155171E-04  2.8412922E-05  0.0000000E+00
          85 cha124            1.5344107E-05  0.0000000E+00  0.0000000E+00
          86 cha127            4.2109058E-04  0.0000000E+00  0.0000000E+00
          87 cha128            2.5278137E-05  0.0000000E+00  0.0000000E+00
          88 cha129            5.6529916E-03  7.5187325E-04  0.0000000E+00
          89 cha131            7.8859068E-03  4.3858038E-04  0.0000000E+00
          90 cha133            1.2443471E-02  2.3619821E-03  0.0000000E+00
          91 cha134            3.9235398E-04  3.8835580E-05  0.0000000E+00
          92 cha135            7.3234327E-03  1.1665480E-03  0.0000000E+00
          93 cha136            0.0000000E+00  0.0000000E+00  0.0000000E+00
          94 cha139            2.5507326E-03  2.7134697E-04  0.0000000E+00
          95 cha141            4.5312382E-04  0.0000000E+00  0.0000000E+00
          96 cha142            5.8516772E-03  9.9076086E-04  4.0480995E-06
          97 cha143            1.0687920E-04  0.0000000E+00  0.0000000E+00
          98 cha144            0.0000000E+00  0.0000000E+00  0.0000000E+00
          99 cha147            1.5196923E-05  0.0000000E+00  0.0000000E+00
         100 cha148            8.2256291E-03  1.7147507E-03  0.0000000E+00
         101 cha152            2.1046608E-04  0.0000000E+00  0.0000000E+00
         102 cha153            0.0000000E+00  0.0000000E+00  0.0000000E+00
         103 cha155            4.0913955E-03  5.5879611E-04  0.0000000E+00
         104 cha156            1.2393383E-03  2.0393107E-05  0.0000000E+00
         105 cha157            2.0489204E-05  0.0000000E+00  0.0000000E+00
         106 cha158            0.0000000E+00  0.0000000E+00  0.0000000E+00
         107 cha159            5.3021071E-05  0.0000000E+00  0.0000000E+00
         108 cha162            2.1365271E-03  0.0000000E+00  0.0000000E+00
         109 cha166            9.4303221E-04  0.0000000E+00  0.0000000E+00
         110 cha168            5.1226940E-05  0.0000000E+00  0.0000000E+00
         111 cha169            1.8070775E-04  0.0000000E+00  0.0000000E+00
         112 cha170            0.0000000E+00  0.0000000E+00  0.0000000E+00
         113 cha171            1.3015774E-04  0.0000000E+00  0.0000000E+00
         114 cha173            0.0000000E+00  0.0000000E+00  0.0000000E+00
         115 cha175            0.0000000E+00  0.0000000E+00  0.0000000E+00
         116 cha176            0.0000000E+00  0.0000000E+00  0.0000000E+00
         117 cha177            8.3605810E-05  0.0000000E+00  0.0000000E+00
         118 cha178            0.0000000E+00  0.0000000E+00  0.0000000E+00
         119 cha180            6.9950341E-04  0.0000000E+00  0.0000000E+00
         120 cha182            0.0000000E+00  0.0000000E+00  0.0000000E+00
         121 cha184            0.0000000E+00  0.0000000E+00  0.0000000E+00
         122 cha185            1.4846595E-02  1.8430531E-03  0.0000000E+00
         123 cha186            4.3391087E-03  6.4350473E-04  6.5899775E-09
         124 cha187            0.0000000E+00  0.0000000E+00  0.0000000E+00
         125 cha188            0.0000000E+00  0.0000000E+00  1.6831474E-07
         126 cha189            1.5273090E-02  1.7735040E-03  0.0000000E+00
         127 cha190            0.0000000E+00  0.0000000E+00  0.0000000E+00
         128 cha191            0.0000000E+00  0.0000000E+00  0.0000000E+00
         129 cha192            0.0000000E+00  0.0000000E+00  0.0000000E+00
         130 cha195            0.0000000E+00  0.0000000E+00  0.0000000E+00
         131 cha197            0.0000000E+00  0.0000000E+00  0.0000000E+00
         132 cha199            0.0000000E+00  0.0000000E+00  0.0000000E+00
         133 cha201            1.4704985E-02  1.5987618E-03  0.0000000E+00
         134 cha202            1.0504478E-03  0.0000000E+00  0.0000000E+00
         135 cha203            4.0624104E-03  4.3749227E-04  7.5808138E-08
         136 cha204            0.0000000E+00  0.0000000E+00  0.0000000E+00
         137 cha205            2.5942919E-03  2.5721651E-04  7.6241200E-09
         138 cha210            3.8449219E-03  3.6582569E-04  0.0000000E+00
         139 cha211            4.5214666E-04  0.0000000E+00  0.0000000E+00
         140 cha214            0.0000000E+00  0.0000000E+00  0.0000000E+00
         141 cha218            0.0000000E+00  0.0000000E+00  0.0000000E+00
         142 cha219            0.0000000E+00  0.0000000E+00  0.0000000E+00
         143 cha221            2.2534039E-03  1.9428255E-04  0.0000000E+00
         144 cha227            2.9212269E-03  4.8538055E-05  0.0000000E+00
         145 cha229            2.6499835E-04  0.0000000E+00  0.0000000E+00
         146 cha232            0.0000000E+00  0.0000000E+00  1.6905442E-05
         147 cha233            1.2688824E-03  0.0000000E+00  0.0000000E+00
         148 cha235            6.1224558E-04  0.0000000E+00  7.0001533E-07
         149 cha238            7.4853620E-04  0.0000000E+00  0.0000000E+00
         150 cha239            3.7166025E-03  3.7016923E-04  2.0593011E-06
         151 cha240            1.2285670E-02  1.6623471E-03  1.7077009E-06
         152 cha243            2.5415143E-03  3.5242742E-04  2.2850512E-07
         153 cha244            2.0599521E-03  4.4108077E-05  0.0000000E+00
         154 cha245            0.0000000E+00  0.0000000E+00  1.7861111E-06
         155 cha246            2.0444540E-04  0.0000000E+00  0.0000000E+00
         156 cha247            0.0000000E+00  0.0000000E+00  0.0000000E+00
         157 cha248            0.0000000E+00  0.0000000E+00  0.0000000E+00
         158 cha250            2.1240034E-03  1.7228695E-05  0.0000000E+00
         159 cha252            1.5519467E-03  1.1297994E-04  0.0000000E+00
         160 cha257            0.0000000E+00  0.0000000E+00  6.3969705E-06
         161 cha259            5.4158253E-04  2.0471793E-05  0.0000000E+00
         162 cha260            2.8607449E-03  7.5365089E-05  0.0000000E+00
         163 cha262            0.0000000E+00  0.0000000E+00  0.0000000E+00
         164 cha266            0.0000000E+00  0.0000000E+00  0.0000000E+00
         165 cha270            0.0000000E+00  0.0000000E+00  0.0000000E+00
         166 cha274            8.3132029E-05  0.0000000E+00  0.0000000E+00
         167 cha275            0.0000000E+00  0.0000000E+00  0.0000000E+00
         168 cha277            0.0000000E+00  0.0000000E+00  0.0000000E+00
         169 cha282            1.4516613E-03  1.6585753E-04  0.0000000E+00
         170 cha283            7.3264394E-04  0.0000000E+00  0.0000000E+00
         171 cha284            0.0000000E+00  0.0000000E+00  0.0000000E+00
         172 cha285            0.0000000E+00  0.0000000E+00  0.0000000E+00
         173 cha286            3.1176742E-04  0.0000000E+00  0.0000000E+00
         174 cha287            1.5368342E-04  0.0000000E+00  0.0000000E+00
         175 cha291            0.0000000E+00  0.0000000E+00  0.0000000E+00
         176 cha292            0.0000000E+00  0.0000000E+00  0.0000000E+00
         177 cha293            0.0000000E+00  0.0000000E+00  0.0000000E+00
         178 cha294            0.0000000E+00  0.0000000E+00  0.0000000E+00
